        0.36     0.171743    0.0686972    0.0274789    0.0109916   0.00439662   0.00175865   0.00070346  0.000281384  0.000112554 4.50214e-005 1.80086e-005 7.20343e-006 2.88137e-006 1.15255e-006 4.61019e-007 1.84408e-007 7.37631e-008 2.95052e-008
    0.171743         0.36     0.171743    0.0686972    0.0274789    0.0109916   0.00439662   0.00175865   0.00070346  0.000281384  0.000112554 4.50214e-005 1.80086e-005 7.20343e-006 2.88137e-006 1.15255e-006 4.61019e-007 1.84408e-007 7.37631e-008
   0.0686972     0.171743         0.36     0.171743    0.0686972    0.0274789    0.0109916   0.00439662   0.00175865   0.00070346  0.000281384  0.000112554 4.50214e-005 1.80086e-005 7.20343e-006 2.88137e-006 1.15255e-006 4.61019e-007 1.84408e-007
   0.0274789    0.0686972     0.171743         0.36     0.171743    0.0686972    0.0274789    0.0109916   0.00439662   0.00175865   0.00070346  0.000281384  0.000112554 4.50214e-005 1.80086e-005 7.20343e-006 2.88137e-006 1.15255e-006 4.61019e-007
   0.0109916    0.0274789    0.0686972     0.171743         0.36     0.171743    0.0686972    0.0274789    0.0109916   0.00439662   0.00175865   0.00070346  0.000281384  0.000112554 4.50214e-005 1.80086e-005 7.20343e-006 2.88137e-006 1.15255e-006
  0.00439662    0.0109916    0.0274789    0.0686972     0.171743         0.36     0.171743    0.0686972    0.0274789    0.0109916   0.00439662   0.00175865   0.00070346  0.000281384  0.000112554 4.50214e-005 1.80086e-005 7.20343e-006 2.88137e-006
  0.00175865   0.00439662    0.0109916    0.0274789    0.0686972     0.171743         0.36     0.171743    0.0686972    0.0274789    0.0109916   0.00439662   0.00175865   0.00070346  0.000281384  0.000112554 4.50214e-005 1.80086e-005 7.20343e-006
  0.00070346   0.00175865   0.00439662    0.0109916    0.0274789    0.0686972     0.171743         0.36     0.171743    0.0686972    0.0274789    0.0109916   0.00439662   0.00175865   0.00070346  0.000281384  0.000112554 4.50214e-005 1.80086e-005
 0.000281384   0.00070346   0.00175865   0.00439662    0.0109916    0.0274789    0.0686972     0.171743         0.36     0.171743    0.0686972    0.0274789    0.0109916   0.00439662   0.00175865   0.00070346  0.000281384  0.000112554 4.50214e-005
 0.000112554  0.000281384   0.00070346   0.00175865   0.00439662    0.0109916    0.0274789    0.0686972     0.171743         0.36     0.171743    0.0686972    0.0274789    0.0109916   0.00439662   0.00175865   0.00070346  0.000281384  0.000112554
4.50214e-005  0.000112554  0.000281384   0.00070346   0.00175865   0.00439662    0.0109916    0.0274789    0.0686972     0.171743         0.36     0.171743    0.0686972    0.0274789    0.0109916   0.00439662   0.00175865   0.00070346  0.000281384
1.80086e-005 4.50214e-005  0.000112554  0.000281384   0.00070346   0.00175865   0.00439662    0.0109916    0.0274789    0.0686972     0.171743         0.36     0.171743    0.0686972    0.0274789    0.0109916   0.00439662   0.00175865   0.00070346
7.20343e-006 1.80086e-005 4.50214e-005  0.000112554  0.000281384   0.00070346   0.00175865   0.00439662    0.0109916    0.0274789    0.0686972     0.171743         0.36     0.171743    0.0686972    0.0274789    0.0109916   0.00439662   0.00175865
2.88137e-006 7.20343e-006 1.80086e-005 4.50214e-005  0.000112554  0.000281384   0.00070346   0.00175865   0.00439662    0.0109916    0.0274789    0.0686972     0.171743         0.36     0.171743    0.0686972    0.0274789    0.0109916   0.00439662
1.15255e-006 2.88137e-006 7.20343e-006 1.80086e-005 4.50214e-005  0.000112554  0.000281384   0.00070346   0.00175865   0.00439662    0.0109916    0.0274789    0.0686972     0.171743         0.36     0.171743    0.0686972    0.0274789    0.0109916
4.61019e-007 1.15255e-006 2.88137e-006 7.20343e-006 1.80086e-005 4.50214e-005  0.000112554  0.000281384   0.00070346   0.00175865   0.00439662    0.0109916    0.0274789    0.0686972     0.171743         0.36     0.171743    0.0686972    0.0274789
1.84408e-007 4.61019e-007 1.15255e-006 2.88137e-006 7.20343e-006 1.80086e-005 4.50214e-005  0.000112554  0.000281384   0.00070346   0.00175865   0.00439662    0.0109916    0.0274789    0.0686972     0.171743         0.36     0.171743    0.0686972
7.37631e-008 1.84408e-007 4.61019e-007 1.15255e-006 2.88137e-006 7.20343e-006 1.80086e-005 4.50214e-005  0.000112554  0.000281384   0.00070346   0.00175865   0.00439662    0.0109916    0.0274789    0.0686972     0.171743         0.36     0.171743
2.95052e-008 7.37631e-008 1.84408e-007 4.61019e-007 1.15255e-006 2.88137e-006 7.20343e-006 1.80086e-005 4.50214e-005  0.000112554  0.000281384   0.00070346   0.00175865   0.00439662    0.0109916    0.0274789    0.0686972     0.171743         0.36
