    3.4288    -1.8901  0.0835903  -0.113779 -0.0940417 -0.0960154  -0.095818 -0.0958378 -0.0958358  -0.095836  -0.095836  -0.095836 -0.0958361 -0.0958352  -0.095844 -0.0957561 -0.0966346 -0.0878496
   -1.8901     4.4617   -1.94068   0.141358 -0.0668456 -0.0460252 -0.0481073 -0.0478991 -0.0479199 -0.0479178  -0.047918  -0.047918  -0.047918 -0.0479176  -0.047922 -0.0478781 -0.0483173 -0.0439248
 0.0835903   -1.94068    4.46148   -1.94593   0.136612  -0.071642 -0.0508166 -0.0528991 -0.0526909 -0.0527117 -0.0527096 -0.0527098 -0.0527098 -0.0527093 -0.0527142 -0.0526659  -0.053149 -0.0483173
 -0.113779   0.141358   -1.94593    4.46254   -1.94551   0.137097 -0.0711634 -0.0503373 -0.0524199 -0.0522117 -0.0522325 -0.0522304 -0.0522307 -0.0522302  -0.052235 -0.0521871 -0.0526659 -0.0478781
-0.0940417 -0.0668456   0.136612   -1.94551    4.46244   -1.94555   0.137049 -0.0712112 -0.0503853 -0.0524678 -0.0522596 -0.0522804 -0.0522784 -0.0522781 -0.0522829  -0.052235 -0.0527142  -0.047922
-0.0960154 -0.0460252  -0.071642   0.137097   -1.94555    4.46245   -1.94555   0.137053 -0.0712064 -0.0503805 -0.0524631 -0.0522548 -0.0522757 -0.0522731 -0.0522781 -0.0522302 -0.0527093 -0.0479176
 -0.095818 -0.0481073 -0.0508166 -0.0711634   0.137049   -1.94555    4.46245   -1.94555   0.137053 -0.0712069 -0.0503809 -0.0524635 -0.0522553 -0.0522757 -0.0522784 -0.0522307 -0.0527098  -0.047918
-0.0958378 -0.0478991 -0.0528991 -0.0503373 -0.0712112   0.137053   -1.94555    4.46245   -1.94555   0.137053 -0.0712069 -0.0503809 -0.0524635 -0.0522548 -0.0522804 -0.0522304 -0.0527098  -0.047918
-0.0958358 -0.0479199 -0.0526909 -0.0524199 -0.0503853 -0.0712064   0.137053   -1.94555    4.46245   -1.94555   0.137053 -0.0712069 -0.0503809 -0.0524631 -0.0522596 -0.0522325 -0.0527096  -0.047918
 -0.095836 -0.0479178 -0.0527117 -0.0522117 -0.0524678 -0.0503805 -0.0712069   0.137053   -1.94555    4.46245   -1.94555   0.137053 -0.0712069 -0.0503805 -0.0524678 -0.0522117 -0.0527117 -0.0479178
 -0.095836  -0.047918 -0.0527096 -0.0522325 -0.0522596 -0.0524631 -0.0503809 -0.0712069   0.137053   -1.94555    4.46245   -1.94555   0.137053 -0.0712064 -0.0503853 -0.0524199 -0.0526909 -0.0479199
 -0.095836  -0.047918 -0.0527098 -0.0522304 -0.0522804 -0.0522548 -0.0524635 -0.0503809 -0.0712069   0.137053   -1.94555    4.46245   -1.94555   0.137053 -0.0712112 -0.0503373 -0.0528991 -0.0478991
-0.0958361  -0.047918 -0.0527098 -0.0522307 -0.0522784 -0.0522757 -0.0522553 -0.0524635 -0.0503809 -0.0712069   0.137053   -1.94555    4.46245   -1.94555   0.137049 -0.0711634 -0.0508166 -0.0481073
-0.0958352 -0.0479176 -0.0527093 -0.0522302 -0.0522781 -0.0522731 -0.0522757 -0.0522548 -0.0524631 -0.0503805 -0.0712064   0.137053   -1.94555    4.46245   -1.94555   0.137097  -0.071642 -0.0460252
 -0.095844  -0.047922 -0.0527142  -0.052235 -0.0522829 -0.0522781 -0.0522784 -0.0522804 -0.0522596 -0.0524678 -0.0503853 -0.0712112   0.137049   -1.94555    4.46244   -1.94551   0.136612 -0.0668456
-0.0957561 -0.0478781 -0.0526659 -0.0521871  -0.052235 -0.0522302 -0.0522307 -0.0522304 -0.0522325 -0.0522117 -0.0524199 -0.0503373 -0.0711634   0.137097   -1.94551    4.46254   -1.94593   0.141358
-0.0966346 -0.0483173  -0.053149 -0.0526659 -0.0527142 -0.0527093 -0.0527098 -0.0527098 -0.0527096 -0.0527117 -0.0526909 -0.0528991 -0.0508166  -0.071642   0.136612   -1.94593    4.46148   -1.94068
-0.0878496 -0.0439248 -0.0483173 -0.0478781  -0.047922 -0.0479176  -0.047918  -0.047918  -0.047918 -0.0479178 -0.0479199 -0.0478991 -0.0481073 -0.0460252 -0.0668456   0.141358   -1.94068     4.4617
